reference_definition,model_a,model_b,labeled_fraction,method,mean_absolute_error,mean_squared_error,mean_bias,mean_selected_power,trials
mean_vote,alpaca-13b,claude-v1,0.2,human_only,0.07107683982683982,0.007097935377663461,-0.011011904761904763,0.0,30
mean_vote,alpaca-13b,claude-v1,0.2,ppi,0.059632034632034626,0.004976872593045483,-0.019453463203463212,1.0,30
mean_vote,alpaca-13b,claude-v1,0.2,ppi_tuned,0.06093802315475704,0.005147249277115147,-0.02357665282499264,0.29146594943230686,30
mean_vote,alpaca-13b,claude-v1,0.2,raw_judge,0.03511904761904762,0.0018587903911564628,-0.019642857142857146,,30
mean_vote,alpaca-13b,claude-v1,0.4,human_only,0.06394751082251082,0.006100811644389161,-0.011674783549783551,0.0,30
mean_vote,alpaca-13b,claude-v1,0.4,ppi,0.046820887445887444,0.0031121032478073876,-0.017464826839826846,1.0,30
mean_vote,alpaca-13b,claude-v1,0.4,ppi_tuned,0.05380535150778409,0.004719472718140825,-0.01993684047270128,0.25027140691049893,30
mean_vote,alpaca-13b,claude-v1,0.4,raw_judge,0.03511904761904762,0.0018587903911564628,-0.019642857142857146,,30
mean_vote,alpaca-13b,claude-v1,0.6,human_only,0.05906862745098039,0.005592669052915284,-0.005252100840336136,0.0,30
mean_vote,alpaca-13b,claude-v1,0.6,ppi,0.043259803921568626,0.003075044355977685,-0.014005602240896364,1.0,30
mean_vote,alpaca-13b,claude-v1,0.6,ppi_tuned,0.051323980262688446,0.004511709188301656,-0.012271852210168247,0.21055048147423888,30
mean_vote,alpaca-13b,claude-v1,0.6,raw_judge,0.03511904761904762,0.0018587903911564628,-0.019642857142857146,,30
mean_vote,alpaca-13b,gpt-3.5-turbo,0.2,human_only,0.06313375350140055,0.005690535691400742,-0.005745798319327722,0.0,30
mean_vote,alpaca-13b,gpt-3.5-turbo,0.2,ppi,0.059868113912231555,0.0055163471434325345,0.010570728291316533,1.0,30
mean_vote,alpaca-13b,gpt-3.5-turbo,0.2,ppi_tuned,0.05381669903630123,0.004414199291265458,-0.011011067708133818,0.26888941428879964,30
mean_vote,alpaca-13b,gpt-3.5-turbo,0.2,raw_judge,0.07377450980392156,0.007962614539279761,-0.06905228758169933,,30
mean_vote,alpaca-13b,gpt-3.5-turbo,0.4,human_only,0.0548485644257703,0.0053079992132678225,-0.0037269491129785187,0.0,30
mean_vote,alpaca-13b,gpt-3.5-turbo,0.4,ppi,0.060909488795518205,0.006211283321028575,0.011101482259570505,1.0,30
mean_vote,alpaca-13b,gpt-3.5-turbo,0.4,ppi_tuned,0.05451694920524302,0.0047070731405793554,-0.008293371145290045,0.21301876803147898,30
mean_vote,alpaca-13b,gpt-3.5-turbo,0.4,raw_judge,0.07377450980392156,0.007962614539279761,-0.06905228758169933,,30
mean_vote,alpaca-13b,gpt-3.5-turbo,0.6,human_only,0.06086426237161531,0.0053064783454685426,-0.0008284702769996821,0.0,30
mean_vote,alpaca-13b,gpt-3.5-turbo,0.6,ppi,0.062290110488639895,0.0060606750404864195,0.008543611889200135,1.0,30
mean_vote,alpaca-13b,gpt-3.5-turbo,0.6,ppi_tuned,0.06010752915074042,0.004923520162697191,-0.005801875275822163,0.16973948369873926,30
mean_vote,alpaca-13b,gpt-3.5-turbo,0.6,raw_judge,0.07377450980392156,0.007962614539279761,-0.06905228758169933,,30
mean_vote,alpaca-13b,gpt-4,0.2,human_only,0.09662004662004663,0.013418280720509742,0.036480186480186486,0.0,30
mean_vote,alpaca-13b,gpt-4,0.2,ppi,0.08105089355089355,0.011262579001870958,0.0423076923076923,1.0,30
mean_vote,alpaca-13b,gpt-4,0.2,ppi_tuned,0.08803285513416888,0.011477978125498948,0.027672853449563058,0.3193480197171232,30
mean_vote,alpaca-13b,gpt-4,0.2,raw_judge,0.08942307692307691,0.011494630725399956,-0.08547008547008546,,30
mean_vote,alpaca-13b,gpt-4,0.4,human_only,0.09627039627039627,0.011828418299681408,0.037553418803418795,0.0,30
mean_vote,alpaca-13b,gpt-4,0.4,ppi,0.07849650349650349,0.009886446979432117,0.0403506216006216,1.0,30
mean_vote,alpaca-13b,gpt-4,0.4,ppi_tuned,0.08756655647216206,0.009895698707708062,0.030628369839976525,0.272971916921209,30
mean_vote,alpaca-13b,gpt-4,0.4,raw_judge,0.08942307692307691,0.011494630725399956,-0.08547008547008546,,30
mean_vote,alpaca-13b,gpt-4,0.6,human_only,0.08684278684278683,0.009566074950690335,0.03437580937580937,0.0,30
mean_vote,alpaca-13b,gpt-4,0.6,ppi,0.08149119399119398,0.010038784383189977,0.04171846671846671,1.0,30
mean_vote,alpaca-13b,gpt-4,0.6,ppi_tuned,0.0818489888683314,0.008613369819321216,0.029307703578647967,0.2453001892718051,30
mean_vote,alpaca-13b,gpt-4,0.6,raw_judge,0.08942307692307691,0.011494630725399956,-0.08547008547008546,,30
mean_vote,alpaca-13b,llama-13b,0.2,human_only,0.0920784937475441,0.013831893876219572,-0.03973853234865821,0.0,30
mean_vote,alpaca-13b,llama-13b,0.2,ppi,0.10143646129487091,0.017190217908624624,0.008845448188983659,1.0,30
mean_vote,alpaca-13b,llama-13b,0.2,ppi_tuned,0.08664474626337433,0.01214049106874286,-0.027796964601857536,0.25800189514071986,30
mean_vote,alpaca-13b,llama-13b,0.2,raw_judge,0.07856142951251648,0.010037795667424227,0.05899895696091349,,30
mean_vote,alpaca-13b,llama-13b,0.4,human_only,0.07606555566223759,0.009776492823634814,-0.025450689343709938,0.0,30
mean_vote,alpaca-13b,llama-13b,0.4,ppi,0.09527062341421608,0.012983173841270599,0.0031484733801667424,1.0,30
mean_vote,alpaca-13b,llama-13b,0.4,ppi_tuned,0.07862854019283073,0.009549414449167286,-0.018565896620819984,0.1775717866990198,30
mean_vote,alpaca-13b,llama-13b,0.4,raw_judge,0.07856142951251648,0.010037795667424227,0.05899895696091349,,30
mean_vote,alpaca-13b,llama-13b,0.6,human_only,0.0679502510878613,0.008076299695109836,-0.02500816280996636,0.0,30
mean_vote,alpaca-13b,llama-13b,0.6,ppi,0.09082760927574221,0.01172563498254601,0.002487332829476378,1.0,30
mean_vote,alpaca-13b,llama-13b,0.6,ppi_tuned,0.06816194440057032,0.007995769478680964,-0.020229168391974937,0.13772819584718823,30
mean_vote,alpaca-13b,llama-13b,0.6,raw_judge,0.07856142951251648,0.010037795667424227,0.05899895696091349,,30
mean_vote,alpaca-13b,vicuna-13b-v1.2,0.2,human_only,0.08219246031746033,0.010228307078398394,-0.012131132756132756,0.0,30
mean_vote,alpaca-13b,vicuna-13b-v1.2,0.2,ppi,0.09798791486291486,0.013366352069121956,-0.031178751803751802,1.0,30
mean_vote,alpaca-13b,vicuna-13b-v1.2,0.2,ppi_tuned,0.07265697528967673,0.00806083878644566,-0.02393963810013516,0.21447127305996944,30
mean_vote,alpaca-13b,vicuna-13b-v1.2,0.2,raw_judge,0.08735119047619047,0.011080005787037035,-0.0837797619047619,,30
mean_vote,alpaca-13b,vicuna-13b-v1.2,0.4,human_only,0.06967606970324361,0.007627561742311394,-0.006736973775017262,0.0,30
mean_vote,alpaca-13b,vicuna-13b-v1.2,0.4,ppi,0.07802838164251208,0.009164996935355219,-0.01853821601104209,1.0,30
mean_vote,alpaca-13b,vicuna-13b-v1.2,0.4,ppi_tuned,0.06572530723298904,0.0068438047290866055,-0.01300748785681667,0.1598327438959248,30
mean_vote,alpaca-13b,vicuna-13b-v1.2,0.4,raw_judge,0.08735119047619047,0.011080005787037035,-0.0837797619047619,,30
mean_vote,alpaca-13b,vicuna-13b-v1.2,0.6,human_only,0.06643323996265173,0.007289959059604234,-0.012309757236227832,0.0,30
mean_vote,alpaca-13b,vicuna-13b-v1.2,0.6,ppi,0.08127801120448179,0.008794947084225848,-0.03013188608776844,1.0,30
mean_vote,alpaca-13b,vicuna-13b-v1.2,0.6,ppi_tuned,0.06299725035862905,0.006507206657725083,-0.017518614366676396,0.1289189375199892,30
mean_vote,alpaca-13b,vicuna-13b-v1.2,0.6,raw_judge,0.08735119047619047,0.011080005787037035,-0.0837797619047619,,30
mean_vote,claude-v1,gpt-3.5-turbo,0.2,human_only,0.06051504629629629,0.006768967616705245,-0.010885416666666651,0.0,30
mean_vote,claude-v1,gpt-3.5-turbo,0.2,ppi,0.10096643518518518,0.016396607952353395,0.031649305555555576,1.0,30
mean_vote,claude-v1,gpt-3.5-turbo,0.2,ppi_tuned,0.0629930958221536,0.00707989352431526,0.0010353299769410315,0.2307044666980823,30
mean_vote,claude-v1,gpt-3.5-turbo,0.2,raw_judge,0.13553819444444448,0.02230008499710649,0.13553819444444448,,30
mean_vote,claude-v1,gpt-3.5-turbo,0.4,human_only,0.06993819444444443,0.007488290031828701,-0.005457638888888879,0.0,30
mean_vote,claude-v1,gpt-3.5-turbo,0.4,ppi,0.08051180555555555,0.009852115552662034,0.006271527777777795,1.0,30
mean_vote,claude-v1,gpt-3.5-turbo,0.4,ppi_tuned,0.06705197785539704,0.007283901171149797,-0.0023814581404599335,0.16061954550986648,30
mean_vote,claude-v1,gpt-3.5-turbo,0.4,raw_judge,0.13553819444444448,0.02230008499710649,0.13553819444444448,,30
mean_vote,claude-v1,gpt-3.5-turbo,0.6,human_only,0.06157803362573099,0.00598254768995428,0.0009347587719298426,0.0,30
mean_vote,claude-v1,gpt-3.5-turbo,0.6,ppi,0.07429915935672513,0.007945505943936273,0.006006030701754398,1.0,30
mean_vote,claude-v1,gpt-3.5-turbo,0.6,ppi_tuned,0.05941560072520269,0.005890935837308245,0.0023934135062444978,0.13131108068404412,30
mean_vote,claude-v1,gpt-3.5-turbo,0.6,raw_judge,0.13553819444444448,0.02230008499710649,0.13553819444444448,,30
mean_vote,claude-v1,gpt-4,0.2,human_only,0.09336600128266796,0.013231406383130582,-0.051011904761904765,0.0,30
mean_vote,claude-v1,gpt-4,0.2,ppi,0.1376605339105339,0.025999403499672672,-0.047494588744588735,1.0,30
mean_vote,claude-v1,gpt-4,0.2,ppi_tuned,0.09877891518212555,0.01432867041311591,-0.0543459584478408,0.16482740955972747,30
mean_vote,claude-v1,gpt-4,0.2,raw_judge,0.106929012345679,0.01692196770016496,-0.09577380952380951,,30
mean_vote,claude-v1,gpt-4,0.4,human_only,0.07308316719065512,0.008623553937176098,-0.04016515221225368,0.0,30
mean_vote,claude-v1,gpt-4,0.4,ppi,0.10372774966132453,0.016930815282440163,-0.050526895943562605,1.0,30
mean_vote,claude-v1,gpt-4,0.4,ppi_tuned,0.07489589213943923,0.00906436160803469,-0.043765233417255675,0.10152741438321816,30
mean_vote,claude-v1,gpt-4,0.4,raw_judge,0.106929012345679,0.01692196770016496,-0.09577380952380951,,30
mean_vote,claude-v1,gpt-4,0.6,human_only,0.07204322904685224,0.007301199342272202,-0.03048199907982518,0.0,30
mean_vote,claude-v1,gpt-4,0.6,ppi,0.10445622140428903,0.01594126941458065,-0.03849269611226133,1.0,30
mean_vote,claude-v1,gpt-4,0.6,ppi_tuned,0.07130051539606733,0.007531109426539058,-0.03208453573493874,0.08148169831215071,30
mean_vote,claude-v1,gpt-4,0.6,raw_judge,0.106929012345679,0.01692196770016496,-0.09577380952380951,,30
mean_vote,claude-v1,llama-13b,0.2,human_only,0.055308493589743594,0.004408791513002,0.004774305555555536,0.0,30
mean_vote,claude-v1,llama-13b,0.2,ppi,0.048337339743589745,0.0045144252706039055,0.017915331196581206,1.0,30
mean_vote,claude-v1,llama-13b,0.2,ppi_tuned,0.04664139719743477,0.0038312814809765743,0.014789496546514269,0.3639579116688817,30
mean_vote,claude-v1,llama-13b,0.2,raw_judge,0.06362847222222222,0.005912046079282408,0.06171875000000001,,30
mean_vote,claude-v1,llama-13b,0.4,human_only,0.044878472222222236,0.003319313305134372,0.001088408119658113,0.0,30
mean_vote,claude-v1,llama-13b,0.4,ppi,0.05019364316239316,0.003865909012111686,0.009742254273504277,1.0,30
mean_vote,claude-v1,llama-13b,0.4,ppi_tuned,0.04373318751876549,0.0032057589676724083,0.0063088401127581965,0.2581512170437357,30
mean_vote,claude-v1,llama-13b,0.4,raw_judge,0.06362847222222222,0.005912046079282408,0.06171875000000001,,30
mean_vote,claude-v1,llama-13b,0.6,human_only,0.0509201388888889,0.003994366681134264,0.0033854166666666594,0.0,30
mean_vote,claude-v1,llama-13b,0.6,ppi,0.048003472222222225,0.003705846715856482,0.01255208333333333,1.0,30
mean_vote,claude-v1,llama-13b,0.6,ppi_tuned,0.04849313433116184,0.003645482177764667,0.00854946289956062,0.2071896189948044,30
mean_vote,claude-v1,llama-13b,0.6,raw_judge,0.06362847222222222,0.005912046079282408,0.06171875000000001,,30
mean_vote,claude-v1,vicuna-13b-v1.2,0.2,human_only,0.10352900669548266,0.014735300671342506,0.010670819560979742,0.0,30
mean_vote,claude-v1,vicuna-13b-v1.2,0.2,ppi,0.1266391219594881,0.020450986254990977,-0.0061217052292566985,1.0,30
mean_vote,claude-v1,vicuna-13b-v1.2,0.2,ppi_tuned,0.10336792392808093,0.014548741983922368,0.013531956689958902,0.17921001338846876,30
mean_vote,claude-v1,vicuna-13b-v1.2,0.2,raw_judge,0.10051328502415462,0.016974544390864824,0.09542069243156202,,30
mean_vote,claude-v1,vicuna-13b-v1.2,0.4,human_only,0.07790040876997399,0.010647472934490195,0.0001754304471695963,0.0,30
mean_vote,claude-v1,vicuna-13b-v1.2,0.4,ppi,0.08859392419175026,0.011477436726599849,0.005196333457203047,1.0,30
mean_vote,claude-v1,vicuna-13b-v1.2,0.4,ppi_tuned,0.07987564916268146,0.010249252063601803,0.00494070259854591,0.14981806866316497,30
mean_vote,claude-v1,vicuna-13b-v1.2,0.4,raw_judge,0.10051328502415462,0.016974544390864824,0.09542069243156202,,30
mean_vote,claude-v1,vicuna-13b-v1.2,0.6,human_only,0.07761108381778975,0.009379021475748787,0.004834636589426592,0.0,30
mean_vote,claude-v1,vicuna-13b-v1.2,0.6,ppi,0.09521926772018886,0.012906116910960748,0.00552427058598763,1.0,30
mean_vote,claude-v1,vicuna-13b-v1.2,0.6,ppi_tuned,0.07995099276647827,0.00929738872909134,0.007626944140703188,0.11385021309013656,30
mean_vote,claude-v1,vicuna-13b-v1.2,0.6,raw_judge,0.10051328502415462,0.016974544390864824,0.09542069243156202,,30
mean_vote,gpt-3.5-turbo,gpt-4,0.2,human_only,0.07341279380341881,0.007958382383501635,0.009705528846153836,0.0,30
mean_vote,gpt-3.5-turbo,gpt-4,0.2,ppi,0.09445045405982905,0.012794898052161234,0.01880008012820514,1.0,30
mean_vote,gpt-3.5-turbo,gpt-4,0.2,ppi_tuned,0.07047313988880277,0.007161234420259188,0.006198019853353568,0.20620097707939228,30
mean_vote,gpt-3.5-turbo,gpt-4,0.2,raw_judge,0.16924479166666667,0.03286932825159143,-0.16924479166666667,,30
mean_vote,gpt-3.5-turbo,gpt-4,0.4,human_only,0.050700454059829064,0.0036462243836933974,0.01522903311965817,0.0,30
mean_vote,gpt-3.5-turbo,gpt-4,0.4,ppi,0.07664196047008545,0.008176981608072915,0.030092815170940167,1.0,30
mean_vote,gpt-3.5-turbo,gpt-4,0.4,ppi_tuned,0.04702519061636311,0.0032874254591544008,0.014416894648438436,0.15373416166954712,30
mean_vote,gpt-3.5-turbo,gpt-4,0.4,raw_judge,0.16924479166666667,0.03286932825159143,-0.16924479166666667,,30
mean_vote,gpt-3.5-turbo,gpt-4,0.6,human_only,0.04848668981481481,0.003407697869475775,0.011454104344729377,0.0,30
mean_vote,gpt-3.5-turbo,gpt-4,0.6,ppi,0.06880097044159546,0.007884977792281042,0.02717258725071227,1.0,30
mean_vote,gpt-3.5-turbo,gpt-4,0.6,ppi_tuned,0.04559024486742415,0.003144252725376083,0.010743110801094125,0.12483289745695283,30
mean_vote,gpt-3.5-turbo,gpt-4,0.6,raw_judge,0.16924479166666667,0.03286932825159143,-0.16924479166666667,,30
mean_vote,gpt-3.5-turbo,llama-13b,0.2,human_only,0.06405715811965812,0.006373339704638533,-0.013277243589743585,0.0,30
mean_vote,gpt-3.5-turbo,llama-13b,0.2,ppi,0.05299145299145299,0.0038846687285126287,0.0021474358974359195,1.0,30
mean_vote,gpt-3.5-turbo,llama-13b,0.2,ppi_tuned,0.06140890567139414,0.005333220201442698,-0.005262950251924759,0.2681530365382753,30
mean_vote,gpt-3.5-turbo,llama-13b,0.2,raw_judge,0.05506944444444447,0.003969446252893521,0.05319444444444447,,30
mean_vote,gpt-3.5-turbo,llama-13b,0.4,human_only,0.05358173076923076,0.004411154053750958,-0.015168269230769239,0.0,30
mean_vote,gpt-3.5-turbo,llama-13b,0.4,ppi,0.043178418803418814,0.002451919920162859,0.006346153846153872,1.0,30
mean_vote,gpt-3.5-turbo,llama-13b,0.4,ppi_tuned,0.04615572539601122,0.0033592336407664643,-0.005041869312066423,0.25127032399838295,30
mean_vote,gpt-3.5-turbo,llama-13b,0.4,raw_judge,0.05506944444444447,0.003969446252893521,0.05319444444444447,,30
mean_vote,gpt-3.5-turbo,llama-13b,0.6,human_only,0.052431445868945874,0.003804574599748963,-0.013284366096866089,0.0,30
mean_vote,gpt-3.5-turbo,llama-13b,0.6,ppi,0.03662882834757835,0.002423102492240195,0.006627492877492895,1.0,30
mean_vote,gpt-3.5-turbo,llama-13b,0.6,ppi_tuned,0.044636342932877625,0.0028969854481286023,-0.0032442977270310904,0.23493150431675922,30
mean_vote,gpt-3.5-turbo,llama-13b,0.6,raw_judge,0.05506944444444447,0.003969446252893521,0.05319444444444447,,30
mean_vote,gpt-3.5-turbo,vicuna-13b-v1.2,0.2,human_only,0.05523258377425043,0.004967004593761371,-0.005020943562610221,0.0,30
mean_vote,gpt-3.5-turbo,vicuna-13b-v1.2,0.2,ppi,0.07483575837742505,0.008100507995121917,0.015481701940035302,1.0,30
mean_vote,gpt-3.5-turbo,vicuna-13b-v1.2,0.2,ppi_tuned,0.05783011653055462,0.0049509428815920405,7.998818944301433e-05,0.28077718798925666,30
mean_vote,gpt-3.5-turbo,vicuna-13b-v1.2,0.2,raw_judge,0.042970679012345685,0.0027026695387517164,0.0177237654320988,,30
mean_vote,gpt-3.5-turbo,vicuna-13b-v1.2,0.4,human_only,0.04621727330779053,0.002990795630558939,-0.0001721477224350528,0.0,30
mean_vote,gpt-3.5-turbo,vicuna-13b-v1.2,0.4,ppi,0.06644875478927202,0.006685670834240623,0.0029249148573861515,1.0,30
mean_vote,gpt-3.5-turbo,vicuna-13b-v1.2,0.4,ppi_tuned,0.044643005166640375,0.002859061368004013,0.0004627812747424335,0.1871050214793604,30
mean_vote,gpt-3.5-turbo,vicuna-13b-v1.2,0.4,raw_judge,0.042970679012345685,0.0027026695387517164,0.0177237654320988,,30
mean_vote,gpt-3.5-turbo,vicuna-13b-v1.2,0.6,human_only,0.04234262848119439,0.0027373985074746615,-0.0007624533448176558,0.0,30
mean_vote,gpt-3.5-turbo,vicuna-13b-v1.2,0.6,ppi,0.06061315676141257,0.0057179103707440965,0.001799992822279676,1.0,30
mean_vote,gpt-3.5-turbo,vicuna-13b-v1.2,0.6,ppi_tuned,0.04384716615806262,0.002731415429991743,-0.0002714417770454558,0.1518126192720802,30
mean_vote,gpt-3.5-turbo,vicuna-13b-v1.2,0.6,raw_judge,0.042970679012345685,0.0027026695387517164,0.0177237654320988,,30
mean_vote,gpt-4,llama-13b,0.2,human_only,0.057037037037037025,0.005194822209362138,-0.01715277777777778,0.0,30
mean_vote,gpt-4,llama-13b,0.2,ppi,0.06388888888888888,0.006113417888374484,-0.01395833333333334,1.0,30
mean_vote,gpt-4,llama-13b,0.2,ppi_tuned,0.05662611075189317,0.0051182552125549384,-0.012384018983641746,0.2300416683506685,30
mean_vote,gpt-4,llama-13b,0.2,raw_judge,0.09749999999999999,0.011342206790123457,0.09749999999999999,,30
mean_vote,gpt-4,llama-13b,0.4,human_only,0.046805555555555545,0.003539247363683125,-0.0201041666666667,0.0,30
mean_vote,gpt-4,llama-13b,0.4,ppi,0.05059027777777776,0.003929655349794237,-0.0165625,1.0,30
mean_vote,gpt-4,llama-13b,0.4,ppi_tuned,0.048834103600629154,0.0037403675386934376,-0.016614405967862362,0.2589431714263475,30
mean_vote,gpt-4,llama-13b,0.4,raw_judge,0.09749999999999999,0.011342206790123457,0.09749999999999999,,30
mean_vote,gpt-4,llama-13b,0.6,human_only,0.050733024691358014,0.0038241249785665294,-0.02220679012345683,0.0,30
mean_vote,gpt-4,llama-13b,0.6,ppi,0.0520216049382716,0.003980760781035665,-0.01808641975308643,1.0,30
mean_vote,gpt-4,llama-13b,0.6,ppi_tuned,0.05160203264426152,0.0039353279659149,-0.017715525385129938,0.2572385069724443,30
mean_vote,gpt-4,llama-13b,0.6,raw_judge,0.09749999999999999,0.011342206790123457,0.09749999999999999,,30
mean_vote,gpt-4,vicuna-13b-v1.2,0.2,human_only,0.07890160183066362,0.008748226410815458,0.00060471226375118,0.0,30
mean_vote,gpt-4,vicuna-13b-v1.2,0.2,ppi,0.09359288922790068,0.012110871161944672,-0.0043012119671158216,1.0,30
mean_vote,gpt-4,vicuna-13b-v1.2,0.2,ppi_tuned,0.07896161135812996,0.009151416600585435,0.0085958369105065,0.168234390881877,30
mean_vote,gpt-4,vicuna-13b-v1.2,0.2,raw_judge,0.11881038647343,0.018907542085774085,0.11232890499194852,,30
mean_vote,gpt-4,vicuna-13b-v1.2,0.4,human_only,0.06499527746810355,0.00734214786618033,0.004843072587637794,0.0,30
mean_vote,gpt-4,vicuna-13b-v1.2,0.4,ppi,0.08487481419546636,0.010518203619226568,-0.0006465223584788478,1.0,30
mean_vote,gpt-4,vicuna-13b-v1.2,0.4,ppi_tuned,0.06440011012550712,0.007393076921650724,0.00880658099791272,0.11670385802750384,30
mean_vote,gpt-4,vicuna-13b-v1.2,0.4,raw_judge,0.11881038647343,0.018907542085774085,0.11232890499194852,,30
mean_vote,gpt-4,vicuna-13b-v1.2,0.6,human_only,0.06450735555009691,0.006650598613806449,0.0046378176260269115,0.0,30
mean_vote,gpt-4,vicuna-13b-v1.2,0.6,ppi,0.08677317885313464,0.011184447042667847,-0.0011951063074865228,1.0,30
mean_vote,gpt-4,vicuna-13b-v1.2,0.6,ppi_tuned,0.06407468084262692,0.006815982425977991,0.007857396613839485,0.08703550297725318,30
mean_vote,gpt-4,vicuna-13b-v1.2,0.6,raw_judge,0.11881038647343,0.018907542085774085,0.11232890499194852,,30
mean_vote,llama-13b,vicuna-13b-v1.2,0.2,human_only,0.06544741518129824,0.0065906817479832,0.003269302848575716,0.0,30
mean_vote,llama-13b,vicuna-13b-v1.2,0.2,ppi,0.07471437892165028,0.008929734411121132,0.004307950191570887,1.0,30
mean_vote,llama-13b,vicuna-13b-v1.2,0.2,ppi_tuned,0.06167229874447763,0.006074767507499342,0.0027658051628996418,0.24632453257768314,30
mean_vote,llama-13b,vicuna-13b-v1.2,0.2,raw_judge,0.04345625798212005,0.0032657118552526627,-0.02196519795657726,,30
mean_vote,llama-13b,vicuna-13b-v1.2,0.4,human_only,0.06499425966685687,0.006083664573742696,-0.0012072192331730074,0.0,30
mean_vote,llama-13b,vicuna-13b-v1.2,0.4,ppi,0.05582064685742235,0.005352057324694208,0.0024363977881035866,1.0,30
mean_vote,llama-13b,vicuna-13b-v1.2,0.4,ppi_tuned,0.06163500822949506,0.00552094987976028,-0.001441667263692722,0.1715228120366052,30
mean_vote,llama-13b,vicuna-13b-v1.2,0.4,raw_judge,0.04345625798212005,0.0032657118552526627,-0.02196519795657726,,30
mean_vote,llama-13b,vicuna-13b-v1.2,0.6,human_only,0.05929767923331928,0.005617739514262339,-0.0008358837108246572,0.0,30
mean_vote,llama-13b,vicuna-13b-v1.2,0.6,ppi,0.05197303172326791,0.004679587554875101,0.007331050346520351,1.0,30
mean_vote,llama-13b,vicuna-13b-v1.2,0.6,ppi_tuned,0.05727129323650249,0.005227924784333837,-0.0008192928082393548,0.13559072837495695,30
mean_vote,llama-13b,vicuna-13b-v1.2,0.6,raw_judge,0.04345625798212005,0.0032657118552526627,-0.02196519795657726,,30
plurality,alpaca-13b,claude-v1,0.2,human_only,0.07380952380952381,0.007625477877101254,-0.009956709956709959,0.0,30
plurality,alpaca-13b,claude-v1,0.2,ppi,0.06374458874458874,0.005948691460055097,-0.018398268398268407,1.0,30
plurality,alpaca-13b,claude-v1,0.2,ppi_tuned,0.06618113019784612,0.0061248270824737945,-0.023344873831291958,0.2828823839060816,30
plurality,alpaca-13b,claude-v1,0.2,raw_judge,0.04047619047619048,0.002529761904761905,-0.029761904761904767,,30
plurality,alpaca-13b,claude-v1,0.4,human_only,0.06780303030303031,0.006847609911733289,-0.011093073593073596,0.0,30
plurality,alpaca-13b,claude-v1,0.4,ppi,0.04989177489177489,0.0035972550177095636,-0.01688311688311689,1.0,30
plurality,alpaca-13b,claude-v1,0.4,ppi_tuned,0.057832920189233625,0.0054423447193048275,-0.020301867276564276,0.2664095767059841,30
plurality,alpaca-13b,claude-v1,0.4,raw_judge,0.04047619047619048,0.002529761904761905,-0.029761904761904767,,30
plurality,alpaca-13b,claude-v1,0.6,human_only,0.06144957983193278,0.00611917561142104,-0.004586834733893556,0.0,30
plurality,alpaca-13b,claude-v1,0.6,ppi,0.04716386554621849,0.003315259927500412,-0.013340336134453788,1.0,30
plurality,alpaca-13b,claude-v1,0.6,ppi_tuned,0.05453668329138453,0.004960723581497622,-0.011870171321796456,0.22217323450397183,30
plurality,alpaca-13b,claude-v1,0.6,raw_judge,0.04047619047619048,0.002529761904761905,-0.029761904761904767,,30
plurality,alpaca-13b,gpt-3.5-turbo,0.2,human_only,0.07142857142857142,0.007307849610432408,-0.012535014005602245,0.0,30
plurality,alpaca-13b,gpt-3.5-turbo,0.2,ppi,0.05987394957983193,0.0049363127603982765,0.0037815126050420107,1.0,30
plurality,alpaca-13b,gpt-3.5-turbo,0.2,ppi_tuned,0.05871262674542623,0.005457844824025781,-0.017542674159357226,0.3268962960086024,30
plurality,alpaca-13b,gpt-3.5-turbo,0.2,raw_judge,0.07990196078431372,0.008686562860438292,-0.07598039215686274,,30
plurality,alpaca-13b,gpt-3.5-turbo,0.4,human_only,0.058788515406162464,0.006031714156250736,-0.007773109243697481,0.0,30
plurality,alpaca-13b,gpt-3.5-turbo,0.4,ppi,0.05698529411764706,0.0053138075082974365,0.007055322128851539,1.0,30
plurality,alpaca-13b,gpt-3.5-turbo,0.4,ppi_tuned,0.054843011113370484,0.004911081852293264,-0.012971894109535172,0.25140415704736296,30
plurality,alpaca-13b,gpt-3.5-turbo,0.4,raw_judge,0.07990196078431372,0.008686562860438292,-0.07598039215686274,,30
plurality,alpaca-13b,gpt-3.5-turbo,0.6,human_only,0.06248832866479925,0.005663163958393815,-0.0030112044817927194,0.0,30
plurality,alpaca-13b,gpt-3.5-turbo,0.6,ppi,0.05745798319327731,0.0055117512691351045,0.006360877684407092,1.0,30
plurality,alpaca-13b,gpt-3.5-turbo,0.6,ppi_tuned,0.06020606039904915,0.005068257367862772,-0.008725068285705292,0.20192730431965059,30
plurality,alpaca-13b,gpt-3.5-turbo,0.6,raw_judge,0.07990196078431372,0.008686562860438292,-0.07598039215686274,,30
plurality,alpaca-13b,gpt-4,0.2,human_only,0.09912587412587412,0.013514821425660585,0.03886946386946387,0.0,30
plurality,alpaca-13b,gpt-4,0.2,ppi,0.08595571095571095,0.011554864133535462,0.04469696969696969,1.0,30
plurality,alpaca-13b,gpt-4,0.2,ppi_tuned,0.08970786283108323,0.011537335204737209,0.029149160469701216,0.37152932839395636,30
plurality,alpaca-13b,gpt-4,0.2,raw_judge,0.09551282051282052,0.01231508875739645,-0.09166666666666666,,30
plurality,alpaca-13b,gpt-4,0.4,human_only,0.09268648018648018,0.011583466795442319,0.03773310023310023,0.0,30
plurality,alpaca-13b,gpt-4,0.4,ppi,0.07770979020979021,0.009494377271912238,0.040530303030303035,1.0,30
plurality,alpaca-13b,gpt-4,0.4,ppi_tuned,0.08334958621097774,0.00967191439472913,0.03027300806005108,0.30749105945168276,30
plurality,alpaca-13b,gpt-4,0.4,raw_judge,0.09551282051282052,0.01231508875739645,-0.09166666666666666,,30
plurality,alpaca-13b,gpt-4,0.6,human_only,0.08405205905205905,0.009242200107584723,0.03533411033411034,0.0,30
plurality,alpaca-13b,gpt-4,0.6,ppi,0.08117715617715618,0.009596763311798278,0.042676767676767674,1.0,30
plurality,alpaca-13b,gpt-4,0.6,ppi_tuned,0.07855660696287114,0.00826186322617025,0.029784465415368777,0.27348559735169226,30
plurality,alpaca-13b,gpt-4,0.6,raw_judge,0.09551282051282052,0.01231508875739645,-0.09166666666666666,,30
plurality,alpaca-13b,llama-13b,0.2,human_only,0.09675467489540715,0.015408457163461755,-0.043676120472459154,0.0,30
plurality,alpaca-13b,llama-13b,0.2,ppi,0.09450607331900238,0.016320738378698383,0.0049078600651827195,1.0,30
plurality,alpaca-13b,llama-13b,0.2,ppi_tuned,0.08782499296156439,0.012627402291103478,-0.028334080212283983,0.29133733065254214,30
plurality,alpaca-13b,llama-13b,0.2,raw_judge,0.07706137461572245,0.010302046780675516,0.0653903162055336,,30
plurality,alpaca-13b,llama-13b,0.4,human_only,0.07513411709063883,0.009434112300146617,-0.022697712915104216,0.0,30
plurality,alpaca-13b,llama-13b,0.4,ppi,0.08860357669282154,0.011910606331117032,0.005901449808772467,1.0,30
plurality,alpaca-13b,llama-13b,0.4,ppi_tuned,0.07607450620491461,0.009158659974841443,-0.014982035541837017,0.20584233778659197,30
plurality,alpaca-13b,llama-13b,0.4,raw_judge,0.07706137461572245,0.010302046780675516,0.0653903162055336,,30
plurality,alpaca-13b,llama-13b,0.6,human_only,0.06997206969191315,0.008268339813930206,-0.021894289116356068,0.0,30
plurality,alpaca-13b,llama-13b,0.6,ppi,0.08565207220478104,0.010709928775338795,0.005601206523086677,1.0,30
plurality,alpaca-13b,llama-13b,0.6,ppi_tuned,0.06821612068389783,0.008068831145419075,-0.016179984538074895,0.16274663540442358,30
plurality,alpaca-13b,llama-13b,0.6,raw_judge,0.07706137461572245,0.010302046780675516,0.0653903162055336,,30
plurality,alpaca-13b,vicuna-13b-v1.2,0.2,human_only,0.08252164502164502,0.01009207918704672,-0.014448051948051948,0.0,30
plurality,alpaca-13b,vicuna-13b-v1.2,0.2,ppi,0.10156926406926407,0.014032984061393155,-0.03349567099567099,1.0,30
plurality,alpaca-13b,vicuna-13b-v1.2,0.2,ppi_tuned,0.07778186680649446,0.008621963380647349,-0.026157980692658688,0.22475162786684708,30
plurality,alpaca-13b,vicuna-13b-v1.2,0.2,raw_judge,0.1255952380952381,0.019717261904761904,-0.1244047619047619,,30
plurality,alpaca-13b,vicuna-13b-v1.2,0.4,human_only,0.062396480331262945,0.006924746505407457,-0.008255693581780533,0.0,30
plurality,alpaca-13b,vicuna-13b-v1.2,0.4,ppi,0.08175465838509317,0.009716924340624718,-0.020056935817805377,1.0,30
plurality,alpaca-13b,vicuna-13b-v1.2,0.4,ppi_tuned,0.0634592452655514,0.006415308990898844,-0.014389185706151702,0.16089686231355907,30
plurality,alpaca-13b,vicuna-13b-v1.2,0.4,raw_judge,0.1255952380952381,0.019717261904761904,-0.1244047619047619,,30
plurality,alpaca-13b,vicuna-13b-v1.2,0.6,human_only,0.06586134453781513,0.006486896229079867,-0.013690476190476185,0.0,30
plurality,alpaca-13b,vicuna-13b-v1.2,0.6,ppi,0.07927170868347339,0.008861117976602405,-0.0315126050420168,1.0,30
plurality,alpaca-13b,vicuna-13b-v1.2,0.6,ppi_tuned,0.06214934769535483,0.005854196910870917,-0.018773790899812536,0.12845335765991867,30
plurality,alpaca-13b,vicuna-13b-v1.2,0.6,raw_judge,0.1255952380952381,0.019717261904761904,-0.1244047619047619,,30
plurality,claude-v1,gpt-3.5-turbo,0.2,human_only,0.06684027777777778,0.008522316261574073,-0.0171875,0.0,30
plurality,claude-v1,gpt-3.5-turbo,0.2,ppi,0.09930555555555556,0.017030164930555553,0.025347222222222226,1.0,30
plurality,claude-v1,gpt-3.5-turbo,0.2,ppi_tuned,0.07031968604101127,0.00864355057605759,-0.00610416887087353,0.23792149694924314,30
plurality,claude-v1,gpt-3.5-turbo,0.2,raw_judge,0.11770833333333333,0.017985026041666668,0.11770833333333333,,30
plurality,claude-v1,gpt-3.5-turbo,0.4,human_only,0.06877083333333335,0.0077816796875,-0.00602083333333332,0.0,30
plurality,claude-v1,gpt-3.5-turbo,0.4,ppi,0.07912499999999999,0.009351276041666665,0.005708333333333325,1.0,30
plurality,claude-v1,gpt-3.5-turbo,0.4,ppi_tuned,0.06561383331975437,0.007506827707915787,-0.0028907208948350045,0.17774099154089526,30
plurality,claude-v1,gpt-3.5-turbo,0.4,raw_judge,0.11770833333333333,0.017985026041666668,0.11770833333333333,,30
plurality,claude-v1,gpt-3.5-turbo,0.6,human_only,0.05967653508771929,0.0057510108278508755,0.00254934210526316,0.0,30
plurality,claude-v1,gpt-3.5-turbo,0.6,ppi,0.07532894736842105,0.0076401362678901194,0.007620614035087716,1.0,30
plurality,claude-v1,gpt-3.5-turbo,0.6,ppi_tuned,0.05838784825887215,0.005670972408279871,0.0038813856873188297,0.14500086758027317,30
plurality,claude-v1,gpt-3.5-turbo,0.6,raw_judge,0.11770833333333333,0.017985026041666668,0.11770833333333333,,30
plurality,claude-v1,gpt-4,0.2,human_only,0.09461880711880713,0.01289689781778326,-0.05387806637806638,0.0,30
plurality,claude-v1,gpt-4,0.2,ppi,0.13446368446368448,0.025551259896197363,-0.05036075036075037,1.0,30
plurality,claude-v1,gpt-4,0.2,ppi_tuned,0.09922934942208424,0.014363810935349068,-0.05730982050438487,0.15731174175488316,30
plurality,claude-v1,gpt-4,0.2,raw_judge,0.1291005291005291,0.023576555107639768,-0.12182539682539682,,30
plurality,claude-v1,gpt-4,0.4,human_only,0.07125968100605781,0.008387941395152558,-0.03819473199907983,0.0,30
plurality,claude-v1,gpt-4,0.4,ppi,0.10560194770339698,0.017746247904826786,-0.04855647573038877,1.0,30
plurality,claude-v1,gpt-4,0.4,ppi_tuned,0.07229451403819599,0.008961929338063477,-0.041773851582420155,0.09172228217134455,30
plurality,claude-v1,gpt-4,0.4,raw_judge,0.1291005291005291,0.023576555107639768,-0.12182539682539682,,30
plurality,claude-v1,gpt-4,0.6,human_only,0.07301031362625565,0.007763075567470694,-0.0300879917184265,0.0,30
plurality,claude-v1,gpt-4,0.6,ppi,0.10838547657388237,0.017586878854866025,-0.03809868875086266,1.0,30
plurality,claude-v1,gpt-4,0.6,ppi_tuned,0.07271481480671073,0.008083529549882605,-0.03153097080482477,0.07532890655775575,30
plurality,claude-v1,gpt-4,0.6,raw_judge,0.1291005291005291,0.023576555107639768,-0.12182539682539682,,30
plurality,claude-v1,llama-13b,0.2,human_only,0.06001602564102564,0.004972186267258384,0.0029647435897435905,0.0,30
plurality,claude-v1,llama-13b,0.2,ppi,0.04919871794871795,0.004742202909270217,0.016105769230769233,1.0,30
plurality,claude-v1,llama-13b,0.2,ppi_tuned,0.05020984565983686,0.004199883455565902,0.014485598316087419,0.39472777619872307,30
plurality,claude-v1,llama-13b,0.2,raw_judge,0.06458333333333334,0.006119791666666667,0.06354166666666666,,30
plurality,claude-v1,llama-13b,0.4,human_only,0.046233974358974375,0.0037787382889546365,-0.0005608974358974339,0.0,30
plurality,claude-v1,llama-13b,0.4,ppi,0.04687499999999999,0.0038060897435897426,0.008092948717948722,1.0,30
plurality,claude-v1,llama-13b,0.4,ppi_tuned,0.04434860283660463,0.0034688241808879376,0.005490846455858952,0.2894920394305727,30
plurality,claude-v1,llama-13b,0.4,raw_judge,0.06458333333333334,0.006119791666666667,0.06354166666666666,,30
plurality,claude-v1,llama-13b,0.6,human_only,0.05333333333333333,0.004501302083333333,0.0018750000000000119,0.0,30
plurality,claude-v1,llama-13b,0.6,ppi,0.04541666666666666,0.0036171875000000006,0.011041666666666672,1.0,30
plurality,claude-v1,llama-13b,0.6,ppi_tuned,0.051048458542316634,0.004010247345459547,0.0077082271807539056,0.22941980131573578,30
plurality,claude-v1,llama-13b,0.6,raw_judge,0.06458333333333334,0.006119791666666667,0.06354166666666666,,30
plurality,claude-v1,vicuna-13b-v1.2,0.2,human_only,0.10751430205949658,0.01571060441104655,0.005267925247902364,0.0,30
plurality,claude-v1,vicuna-13b-v1.2,0.2,ppi,0.13063723620645817,0.023144001372120124,-0.011524599542334094,1.0,30
plurality,claude-v1,vicuna-13b-v1.2,0.2,ppi_tuned,0.1082903257763765,0.01587995240636955,0.007189035618094978,0.17995801175453188,30
plurality,claude-v1,vicuna-13b-v1.2,0.2,raw_judge,0.09477657004830918,0.015611845156829795,0.08505434782608695,,30
plurality,claude-v1,vicuna-13b-v1.2,0.4,human_only,0.08253623188405797,0.01109069073715722,-0.003363991081382378,0.0,30
plurality,claude-v1,vicuna-13b-v1.2,0.4,ppi,0.08942075436640654,0.011427210536680964,0.0016569119286510502,1.0,30
plurality,claude-v1,vicuna-13b-v1.2,0.4,ppi_tuned,0.08471037092556634,0.01042329844150926,0.0013246633679308228,0.14902424978872428,30
plurality,claude-v1,vicuna-13b-v1.2,0.4,raw_judge,0.09477657004830918,0.015611845156829795,0.08505434782608695,,30
plurality,claude-v1,vicuna-13b-v1.2,0.6,human_only,0.08220062638172439,0.010321514824575141,0.001897670515024963,0.0,30
plurality,claude-v1,vicuna-13b-v1.2,0.6,ppi,0.10114601244575452,0.013352136858827439,0.0025873045115860044,1.0,30
plurality,claude-v1,vicuna-13b-v1.2,0.6,ppi_tuned,0.08406590681510684,0.010099425226169467,0.004765018435090803,0.11413191613211682,30
plurality,claude-v1,vicuna-13b-v1.2,0.6,raw_judge,0.09477657004830918,0.015611845156829795,0.08505434782608695,,30
plurality,gpt-3.5-turbo,gpt-4,0.2,human_only,0.08986378205128205,0.011610933262450692,0.019110576923076925,0.0,30
plurality,gpt-3.5-turbo,gpt-4,0.2,ppi,0.09719551282051284,0.013476273576183433,0.028205128205128212,1.0,30
plurality,gpt-3.5-turbo,gpt-4,0.2,ppi_tuned,0.08359188066550567,0.009777500426958186,0.016559611664516877,0.23652600759573553,30
plurality,gpt-3.5-turbo,gpt-4,0.2,raw_judge,0.18333333333333332,0.03777669270833333,-0.18333333333333332,,30
plurality,gpt-3.5-turbo,gpt-4,0.4,human_only,0.05725160256410256,0.0051767924833579886,0.01750801282051282,0.0,30
plurality,gpt-3.5-turbo,gpt-4,0.4,ppi,0.07283653846153845,0.007631537382889546,0.03237179487179487,1.0,30
plurality,gpt-3.5-turbo,gpt-4,0.4,ppi_tuned,0.052187568888247014,0.0044466442134230115,0.016159696596640717,0.16370803455480445,30
plurality,gpt-3.5-turbo,gpt-4,0.4,raw_judge,0.18333333333333332,0.03777669270833333,-0.18333333333333332,,30
plurality,gpt-3.5-turbo,gpt-4,0.6,human_only,0.05540865384615385,0.004564273992233728,0.013768696581196579,0.0,30
plurality,gpt-3.5-turbo,gpt-4,0.6,ppi,0.07299679487179488,0.007699509385957705,0.02948717948717948,1.0,30
plurality,gpt-3.5-turbo,gpt-4,0.6,ppi_tuned,0.05234235536995861,0.004155406955775843,0.012897837844111854,0.13419058869245928,30
plurality,gpt-3.5-turbo,gpt-4,0.6,raw_judge,0.18333333333333332,0.03777669270833333,-0.18333333333333332,,30
plurality,gpt-3.5-turbo,llama-13b,0.2,human_only,0.07231570512820513,0.007661055766148916,-0.009415064102564097,0.0,30
plurality,gpt-3.5-turbo,llama-13b,0.2,ppi,0.05969551282051282,0.005123004499506904,0.006009615384615386,1.0,30
plurality,gpt-3.5-turbo,llama-13b,0.2,ppi_tuned,0.06774272273643128,0.0067142695081893215,-0.0009121224001916469,0.29993382700204896,30
plurality,gpt-3.5-turbo,llama-13b,0.2,raw_judge,0.06770833333333333,0.005891927083333333,0.065625,,30
plurality,gpt-3.5-turbo,llama-13b,0.4,human_only,0.05861378205128206,0.00535274708764793,-0.012299679487179482,0.0,30
plurality,gpt-3.5-turbo,llama-13b,0.4,ppi,0.04919871794871795,0.003314726639546351,0.009214743589743576,1.0,30
plurality,gpt-3.5-turbo,llama-13b,0.4,ppi_tuned,0.052430485839941,0.004183083217834895,-0.0007694784412339506,0.28868299928238594,30
plurality,gpt-3.5-turbo,llama-13b,0.4,raw_judge,0.06770833333333333,0.005891927083333333,0.065625,,30
plurality,gpt-3.5-turbo,llama-13b,0.6,human_only,0.059094551282051294,0.004724220076909381,-0.011338141025641024,0.0,30
plurality,gpt-3.5-turbo,llama-13b,0.6,ppi,0.046581196581196575,0.003243929603605084,0.008573717948717934,1.0,30
plurality,gpt-3.5-turbo,llama-13b,0.6,ppi_tuned,0.05203352802742423,0.003744446644588595,3.994934037197713e-05,0.2662310585179665,30
plurality,gpt-3.5-turbo,llama-13b,0.6,raw_judge,0.06770833333333333,0.005891927083333333,0.065625,,30
plurality,gpt-3.5-turbo,vicuna-13b-v1.2,0.2,human_only,0.06527777777777777,0.006684749517090787,-0.018187830687830694,0.0,30
plurality,gpt-3.5-turbo,vicuna-13b-v1.2,0.2,ppi,0.08141534391534391,0.010389765474090871,0.002314814814814799,1.0,30
plurality,gpt-3.5-turbo,vicuna-13b-v1.2,0.2,ppi_tuned,0.06627120132532845,0.007021971596372455,-0.013632158131958757,0.2733905631272476,30
plurality,gpt-3.5-turbo,vicuna-13b-v1.2,0.2,raw_judge,0.04583333333333333,0.003157150205761317,0.010648148148148144,,30
plurality,gpt-3.5-turbo,vicuna-13b-v1.2,0.4,human_only,0.05531609195402298,0.00424429354873436,-0.011414431673052358,0.0,30
plurality,gpt-3.5-turbo,vicuna-13b-v1.2,0.4,ppi,0.07386653895274585,0.008988777016876835,-0.00831736909323117,1.0,30
plurality,gpt-3.5-turbo,vicuna-13b-v1.2,0.4,ppi_tuned,0.05444425948295509,0.004324300661689038,-0.01083123038542189,0.1864113085460063,30
plurality,gpt-3.5-turbo,vicuna-13b-v1.2,0.4,raw_judge,0.04583333333333333,0.003157150205761317,0.010648148148148144,,30
plurality,gpt-3.5-turbo,vicuna-13b-v1.2,0.6,human_only,0.053413006029285094,0.003878977096951527,-0.011681739879414304,0.0,30
plurality,gpt-3.5-turbo,vicuna-13b-v1.2,0.6,ppi,0.06801248923341947,0.007358244891577476,-0.009119293712316973,1.0,30
plurality,gpt-3.5-turbo,vicuna-13b-v1.2,0.6,ppi_tuned,0.05354871220989435,0.003987968721983634,-0.011290467560525496,0.1508451889267159,30
plurality,gpt-3.5-turbo,vicuna-13b-v1.2,0.6,raw_judge,0.04583333333333333,0.003157150205761317,0.010648148148148144,,30
plurality,gpt-4,llama-13b,0.2,human_only,0.06319444444444441,0.0065561342592592555,-0.023472222222222203,0.0,30
plurality,gpt-4,llama-13b,0.2,ppi,0.06972222222222223,0.007769675925925925,-0.02027777777777779,1.0,30
plurality,gpt-4,llama-13b,0.2,ppi_tuned,0.061979501914275745,0.00635006500384934,-0.018737748351138266,0.21734267701476923,30
plurality,gpt-4,llama-13b,0.2,raw_judge,0.08944444444444444,0.010287037037037036,0.08944444444444444,,30
plurality,gpt-4,llama-13b,0.4,human_only,0.051388888888888866,0.004718749999999996,-0.024861111111111094,0.0,30
plurality,gpt-4,llama-13b,0.4,ppi,0.055625,0.005203848379629629,-0.021319444444444467,1.0,30
plurality,gpt-4,llama-13b,0.4,ppi_tuned,0.05298974389829225,0.004853831055595581,-0.02209288998990215,0.237779353245021,30
plurality,gpt-4,llama-13b,0.4,raw_judge,0.08944444444444444,0.010287037037037036,0.08944444444444444,,30
plurality,gpt-4,llama-13b,0.6,human_only,0.053564814814814794,0.004760223765432096,-0.025787037037037015,0.0,30
plurality,gpt-4,llama-13b,0.6,ppi,0.05666666666666666,0.005006687242798353,-0.021666666666666674,1.0,30
plurality,gpt-4,llama-13b,0.6,ppi_tuned,0.05515027558048673,0.004851678629946012,-0.02156339255979872,0.24995462107806118,30
plurality,gpt-4,llama-13b,0.6,raw_judge,0.08944444444444444,0.010287037037037036,0.08944444444444444,,30
plurality,gpt-4,vicuna-13b-v1.2,0.2,human_only,0.06632627765064836,0.006408623915812011,0.010201182303585054,0.0,30
plurality,gpt-4,vicuna-13b-v1.2,0.2,ppi,0.09243611746758201,0.011474026576909031,0.005295258072718038,1.0,30
plurality,gpt-4,vicuna-13b-v1.2,0.2,ppi_tuned,0.07318956744412833,0.007009945244502142,0.0166385710275446,0.1208069005867561,30
plurality,gpt-4,vicuna-13b-v1.2,0.2,raw_judge,0.1167572463768116,0.01874078340509697,0.10981280193236716,,30
plurality,gpt-4,vicuna-13b-v1.2,0.4,human_only,0.06287486064659979,0.006161725945200299,0.008592995169082122,0.0,30
plurality,gpt-4,vicuna-13b-v1.2,0.4,ppi,0.08900641025641028,0.012414859325305835,0.003103400222965432,1.0,30
plurality,gpt-4,vicuna-13b-v1.2,0.4,ppi_tuned,0.06428030972684969,0.006417736304546814,0.010275224132476491,0.05916395781235044,30
plurality,gpt-4,vicuna-13b-v1.2,0.4,raw_judge,0.1167572463768116,0.01874078340509697,0.10981280193236716,,30
plurality,gpt-4,vicuna-13b-v1.2,0.6,human_only,0.05714003520838452,0.005073896164975096,0.006347232457217729,0.0,30
plurality,gpt-4,vicuna-13b-v1.2,0.6,ppi,0.09111817325800377,0.01215871371784605,0.0005143085237042581,1.0,30
plurality,gpt-4,vicuna-13b-v1.2,0.6,ppi_tuned,0.058725748552375674,0.005198360901711597,0.0074280572099427655,0.02995660739321771,30
plurality,gpt-4,vicuna-13b-v1.2,0.6,raw_judge,0.1167572463768116,0.01874078340509697,0.10981280193236716,,30
plurality,llama-13b,vicuna-13b-v1.2,0.2,human_only,0.06666500083291688,0.0065127284688698455,0.0026232716974845926,0.0,30
plurality,llama-13b,vicuna-13b-v1.2,0.2,ppi,0.07174454439446944,0.00858914348266896,0.0036619190404797606,1.0,30
plurality,llama-13b,vicuna-13b-v1.2,0.2,ppi_tuned,0.060941020215176986,0.005929008200816171,0.0013897224836480564,0.2592532521354423,30
plurality,llama-13b,vicuna-13b-v1.2,0.2,raw_judge,0.04195402298850575,0.0032473906724798524,-0.02417624521072797,,30
plurality,llama-13b,vicuna-13b-v1.2,0.4,human_only,0.06477434376783239,0.005981945448906801,-0.0019407251161653219,0.0,30
plurality,llama-13b,vicuna-13b-v1.2,0.4,ppi,0.05257331662183093,0.005097695570766179,0.0017028919051112765,1.0,30
plurality,llama-13b,vicuna-13b-v1.2,0.4,ppi_tuned,0.061223288841526086,0.005409038462185284,-0.00234302927132348,0.18368632142292363,30
plurality,llama-13b,vicuna-13b-v1.2,0.4,raw_judge,0.04195402298850575,0.0032473906724798524,-0.02417624521072797,,30
plurality,llama-13b,vicuna-13b-v1.2,0.6,human_only,0.05746388098065,0.005317838908207594,-0.0014317884251753006,0.0,30
plurality,llama-13b,vicuna-13b-v1.2,0.6,ppi,0.05046895502020679,0.00438018062193933,0.006735145632169722,1.0,30
plurality,llama-13b,vicuna-13b-v1.2,0.6,ppi_tuned,0.05525933020841165,0.004918588549255713,-0.0014317680696540986,0.14451516237621675,30
plurality,llama-13b,vicuna-13b-v1.2,0.6,raw_judge,0.04195402298850575,0.0032473906724798524,-0.02417624521072797,,30
